300 641.5 -3456
500
-2139.4 3211.8 -9346.6
-7364.1 6890.8 473.7
-2322.7 -2673.7 -7527.5
4641.3 5412.7 1509.0
-7719.6 10525.9 -5775.0
-4391.3 410.0 -5778.2
3756.8 3817.8 -7642.0
-591.7 -3247.6 1101.8
-4048.7 3915.0 -2844.5
-8089.5 702.2 2048.9
-496.4 8028.1 -11574.6
4605.1 -1751.0 1031.0
5031.2 -5543.5 7886.9
5051.8 943.1 -3440.1
-3401.4 -6170.1 308.4
4510.1 -3314.2 2274.8
5744.4 8016.5 -7010.9
-2074.3 -1496.9 203.7
-488.9 -1587.5 2739.6
-98.1 -2709.8 1407.0
1936.0 5881.4 421.4
-2559.5 12150.2 4382.2
7170.0 2019.2 -658.5
612.4 8672.4 -1477.8
-13.9 -2281.5 -394.3
-1758.4 8285.9 -2820.1
323.1 -1065.0 -1865.7
-5488.1 -311.1 1799.9
9054.0 1886.6 -4064.2
-2305.5 -4879.2 3443.0
3114.1 844.0 1176.9
-2896.2 -508.0 1487.5
-4426.1 -5833.4 -14060.5
-1147.7 -334.4 5839.6
11625.0 -190.5 -3954.3
-6461.0 1261.5 -5226.4
-9066.2 -6125.8 -1444.3
3540.7 -1690.7 2089.6
-2260.6 1546.3 7832.3
3175.4 -3109.6 -6753.2
-8065.1 -6773.0 -1960.2
-7568.4 7441.7 -935.0
2376.0 -6763.6 2267.7
523.3 1874.9 14349.0
-585.3 3722.8 833.4
-11655.9 577.3 -58.2
-1205.8 5222.6 -7232.0
-1629.6 967.0 -1363.6
-5393.5 -3431.9 9329.0
-3894.1 8070.4 -7946.9
-2005.9 -8032.7 -474.0
-8603.1 -1037.4 4822.3
-2839.4 7316.1 -2366.6
-2473.3 4154.4 4099.9
-5588.8 5705.1 -3139.9
5513.7 -4447.1 620.9
1361.3 -1204.6 7734.7
-6165.3 4887.5 3090.6
-5565.6 7279.0 -2865.8
291.9 -3120.0 -14987.6
2450.3 -2735.9 -620.7
9242.4 -4906.6 4947.6
-7431.2 -654.2 3079.6
-4753.9 2934.2 1381.2
611.6 2468.8 -2477.3
-2995.4 -3895.5 2851.0
-2421.7 9591.2 6982.0
5283.7 -187.8 4376.6
1615.3 2187.8 -2096.8
1800.4 7883.6 -2753.3
-4190.7 472.0 5218.0
-915.3 4046.0 6020.6
-2874.9 3790.8 -7832.9
-10657.2 3130.3 1474.6
-6480.5 -8838.8 330.0
-79.4 -4069.0 3659.6
6334.1 -7648.3 -7798.7
2687.3 1639.6 6064.3
2676.0 -5758.6 5978.6
6824.3 6543.6 3734.1
-6997.1 3767.8 9076.9
-3271.3 4320.0 5915.2
-154.4 -3644.6 1129.6
-9376.9 -7352.0 -5748.9
-384.0 -4287.9 4168.8
-6143.8 -1399.9 -1107.9
-4184.7 -5384.4 -7262.7
-12664.9 3566.7 8705.4
-3734.5 131.2 -741.5
-904.5 8228.8 3022.2
205.9 613.3 -1805.4
-2361.9 562.9 -8551.4
986.2 2335.9 -840.3
-882.0 3870.3 -5724.1
-1242.0 -5102.9 -7360.2
-7006.4 -793.0 -6190.9
-11738.7 -562.0 3918.5
2095.1 3046.0 3195.6
2163.3 341.7 5044.1
4636.7 2265.1 -3525.8
-0.1 2452.9 6561.5
-1846.5 -7050.1 -4020.6
-1573.1 9244.6 -6024.5
-290.3 -229.8 3159.6
768.7 546.9 3367.2
6412.5 -3652.0 -1036.9
1177.8 -5606.0 -4797.2
5447.6 -760.9 -4913.9
4603.4 11271.9 -10448.9
-2823.8 -894.8 5781.3
7034.1 1102.5 1421.5
1084.4 -9459.0 3802.3
153.4 4169.3 -1900.5
2717.4 -4205.4 -2573.4
-6665.8 8489.5 6911.1
-5960.8 2776.0 -3514.3
-332.3 3707.7 -9125.4
11215.0 -2313.1 -4655.2
-8286.3 1051.8 -1397.7
0.8 -6099.3 9228.5
1941.7 2238.9 2349.9
-3604.1 4169.4 966.1
6154.9 -2376.2 7811.7
9838.5 -387.0 -9138.2
8457.6 -3187.8 -6836.1
-2154.2 -3347.6 1763.5
8682.5 -2086.7 7051.0
3928.2 -8171.3 6524.7
-1452.4 4268.9 -1440.6
-1867.8 -424.8 -1773.7
349.9 -4573.0 2748.1
9660.1 -2556.2 -5060.4
-413.2 9186.1 1951.6
-5239.0 2702.1 -11998.1
3886.8 -1124.3 -1373.1
10292.8 -3710.5 6827.0
-873.7 -7029.7 -9356.5
-3414.3 -5239.5 5012.6
-609.8 572.0 -17716.2
1351.9 -4055.7 6994.2
11464.7 10611.0 -7051.0
-1966.4 3154.6 -4145.9
-10397.9 -7148.0 -4170.7
121.1 4479.4 -7396.0
-7825.1 -2990.7 -3043.1
2754.8 -2555.4 210.4
-744.2 -5016.3 -7193.1
-2077.8 4930.9 3597.2
1665.5 -82.8 5833.1
-4869.8 -1519.2 1344.6
-12544.8 -9397.0 -4434.6
3777.7 -6330.3 571.0
6247.1 2545.9 -118.6
7686.0 7136.0 522.8
6249.1 -8595.2 -6030.4
10705.4 -1469.9 -801.1
-2272.3 -2429.0 -2988.6
-4890.4 2426.4 -962.8
6913.2 4068.0 -7833.7
5895.3 -382.1 490.3
-3951.4 2897.7 -10160.5
-3336.7 -12493.0 -6974.0
-1432.1 -11095.2 4965.2
-6239.6 -5856.5 -2982.6
8033.0 -1239.6 1043.6
3799.4 274.7 -2703.2
3030.4 -243.6 3335.2
-2317.3 8610.4 6048.3
-2592.5 1643.1 -841.0
5314.0 -2549.5 1532.7
-12172.3 -7063.0 -12594.2
4134.1 -7893.0 -3779.8
197.1 -2971.1 -5489.1
2652.5 -2191.4 -10664.2
2778.9 5050.4 -9030.8
38.3 357.4 7628.6
-11936.1 537.1 -10771.9
2652.5 4690.3 -8810.0
-6323.6 -3173.0 5016.3
1759.5 -7420.7 313.3
-5408.5 5182.0 -2482.3
-8001.3 5445.1 -709.2
-3838.2 2177.8 583.4
-2467.8 3614.9 3383.3
277.2 -4245.8 -10742.8
2440.5 -7888.8 212.2
-1933.3 4283.6 -867.9
2888.1 -864.0 1264.1
-3983.7 -7353.7 -2652.8
1291.7 4272.3 -5496.7
648.4 2587.3 -1643.8
-927.2 5926.8 676.4
143.8 412.9 -1076.5
7222.9 -2317.3 -4178.2
-1804.4 4222.7 -1115.2
9819.3 -2313.1 5059.9
710.1 -4138.2 -1086.6
-2332.0 11599.3 -1833.4
-7553.2 2701.8 1682.2
6993.6 11886.6 -5385.9
6709.2 2963.6 3720.0
5106.5 -766.9 3806.8
3020.2 742.0 -5548.5
3212.8 -5486.6 -4532.5
-6537.3 911.4 8457.0
3567.2 7201.2 -5282.8
-194.7 -7781.7 -5003.2
4730.4 8346.7 1450.4
-4024.4 10972.8 9169.6
5412.8 125.8 -1117.3
-6914.9 -517.7 -1879.0
-2082.6 -6522.4 -2569.3
8356.0 -2526.6 -1470.5
4824.8 -3404.4 3200.8
-90.3 -2584.0 4682.5
-4120.5 11396.9 2149.2
-1954.0 9545.8 -5345.5
3335.4 5661.3 -8467.5
6087.3 2772.7 -1922.4
-3083.2 -7540.5 -4577.7
2576.2 -1633.6 -892.4
-7424.6 -10918.2 -6274.8
-2324.6 441.2 5328.7
1262.7 9151.2 -1884.0
12467.2 -6638.1 1066.7
-8252.9 2895.5 1509.6
-5562.9 -1815.3 -3910.2
6891.8 -3804.8 -12143.1
-4186.3 3072.4 -5901.0
-6169.0 -5001.3 137.8
-8449.5 1418.6 -4865.4
-650.9 7430.8 -6461.0
-1450.8 1479.1 1765.0
-8784.6 -12416.6 8207.4
696.8 2836.4 2274.6
-5052.4 487.0 -3624.1
1821.2 1260.2 4621.5
-214.8 -2860.1 1671.0
8344.4 3899.8 3856.8
-9686.9 -1521.8 4855.8
7563.5 -12306.7 2373.4
1575.9 -7107.3 63.7
2709.0 -3957.4 11346.4
-5478.2 -3514.0 -4765.8
7507.0 -281.5 13088.5
771.7 3293.3 698.7
-5485.3 -1754.8 -2120.9
8950.0 3417.3 8386.9
499.5 -708.2 1698.5
1402.4 3945.6 -609.5
6490.9 5608.9 -2207.8
3573.7 11233.4 3614.8
-5955.4 -6522.0 -4163.9
-1011.5 9649.6 -6630.2
2471.8 -353.8 -3493.0
-809.6 586.8 1169.2
-4471.0 -2917.8 -3412.1
5559.5 -10519.9 -4992.1
-7489.3 -2539.8 3397.6
6517.2 -7098.7 2514.5
-2244.7 2108.7 -1404.3
10236.8 -2907.0 2288.3
-5839.8 2072.1 -494.6
-647.5 3204.8 2910.0
12600.7 -3624.8 3243.2
8270.0 2902.1 1119.6
7686.9 1845.1 -3140.4
-631.1 2537.4 2733.1
5820.2 4340.3 -4934.4
6157.4 -537.0 5485.3
-8555.9 -10943.5 1395.0
1689.4 -4009.9 4308.2
-11302.8 -9852.2 -8326.7
-3611.6 7212.5 -873.0
3808.5 -2990.3 15567.0
852.1 -2861.0 -4783.1
739.3 -1366.5 2329.9
-11037.4 -7519.1 -2194.1
9404.1 -1534.8 225.7
2892.3 778.5 -314.4
1390.3 2762.7 3439.8
432.8 9246.3 664.1
-5642.3 -7147.4 2925.2
1468.5 -4422.2 -1868.1
6725.4 -5629.0 -4443.8
3585.9 31.5 -744.4
-1426.8 -3244.7 2026.2
-2451.6 -3585.1 1266.6
-12142.6 2108.6 -46.7
-5092.7 8511.7 2433.2
-2240.5 662.7 1814.7
-5580.5 1935.4 -1821.3
-3489.1 -1480.5 -425.3
3217.8 9262.6 5023.5
4787.1 11763.3 4175.2
1845.1 -666.6 3533.3
563.9 2642.2 7735.2
-1179.1 4375.7 -252.6
-6513.4 4087.4 2777.5
-5298.0 3966.4 8517.1
3019.8 -3934.5 -3115.6
2648.9 7002.8 4183.6
1968.2 -220.9 -18131.7
-754.0 -1152.5 -851.0
5725.9 -1234.3 7657.1
1470.6 1596.4 3705.2
-389.6 -774.0 96.3
-7661.5 -1089.7 3475.5
4773.4 -8029.3 2544.6
8498.6 2344.8 1487.7
1971.5 -2761.9 1450.2
5138.5 -4466.3 251.3
-4339.8 1974.8 -6369.5
-6311.9 -4451.9 -1258.0
2369.3 2125.9 7734.2
179.3 252.7 -4965.8
-4683.0 -333.2 -1207.7
-1240.5 6349.7 -285.5
-1203.6 -3788.2 -7668.7
-7080.1 -7402.6 17761.0
-3329.1 4227.6 4277.5
-7463.2 66.3 3443.1
6184.1 -604.7 1003.4
602.0 13262.9 3245.1
681.8 2810.9 227.1
5805.2 -5799.5 -196.7
9171.5 -9795.5 850.3
199.5 -322.3 -6955.0
-1659.3 2044.3 5241.4
-4828.0 892.6 4690.5
3788.7 390.3 -1395.4
-5712.6 -2030.4 7574.3
4231.0 -6253.2 -2107.8
2412.1 10971.7 -8927.1
1321.5 -188.2 1757.7
2288.7 -3044.6 -6355.0
-2447.1 2714.3 6760.9
-3245.5 2477.0 690.6
12676.2 4188.5 -4132.1
828.6 -4262.9 -5176.4
-1168.5 -64.3 2205.7
-3914.8 -1786.9 -566.5
-2302.4 1538.9 12076.7
-2482.6 998.6 -6870.7
-2228.8 -3615.9 -9672.2
-2337.9 -328.7 -1020.1
1910.3 2549.8 162.2
6379.6 8757.3 -3431.9
-4815.5 -851.6 -1552.9
3667.3 5983.9 -1323.2
9142.0 3321.0 313.4
-2134.9 -817.5 7135.7
4062.0 3181.8 -2149.1
1041.3 -6556.6 -1643.0
8510.8 -6109.4 4865.0
-2757.9 2917.7 8076.9
837.7 -1745.5 5336.6
-1162.3 -7471.3 2355.2
-2517.4 -9219.4 2667.2
-1761.4 -4709.8 1976.7
5823.0 5659.6 -6625.4
65.4 2338.1 -3353.7
2924.3 -746.9 1013.1
6584.8 4585.9 -1385.8
2318.1 140.1 -6793.4
6193.9 -6223.8 -8326.8
2461.8 4153.1 -5086.6
1729.4 4897.0 1612.0
-11935.7 -2135.7 -4717.8
1894.8 -3971.9 -1721.2
8434.1 1562.5 5202.6
4485.5 -2884.3 894.1
-1453.4 2049.3 -2214.6
-1869.4 -2169.4 8090.7
-2525.2 3667.6 2388.6
-3138.3 -939.1 -1877.6
1503.7 2829.3 -3457.2
7003.9 -2927.6 -6979.2
244.6 6764.0 -4143.0
10327.3 1501.6 -2044.8
-4648.9 608.1 -3874.4
-1939.4 -14424.1 -7025.3
-9816.7 -5303.0 -4909.5
-7938.4 5604.4 3316.9
4460.5 1141.5 -1324.8
1428.1 -5053.6 2026.2
12139.8 5064.6 -3283.7
-2404.5 2329.5 -2640.5
1787.0 4521.3 12680.1
2700.2 9732.9 1035.4
-384.5 5809.3 2263.3
-5630.4 4316.5 -6186.5
-4402.3 -2099.5 1980.8
1397.1 -3844.0 -2182.1
5981.4 1335.7 -1881.4
-199.2 -6360.8 -300.4
-8963.2 -8388.5 1132.5
4569.7 5906.5 4077.4
-483.8 1582.5 5682.1
6405.6 12173.7 1324.2
-4852.2 -1279.3 -5571.3
5480.9 3612.8 1862.6
2204.8 -1292.0 -9644.7
3837.6 7262.1 812.5
-1417.5 7975.6 -3666.9
-2049.3 -5264.3 10353.8
4006.8 -3260.4 -6774.3
4375.6 -3820.2 -6016.5
-8699.2 -4562.6 5989.8
2263.0 -2238.0 -1172.3
5039.5 -1547.4 -3076.6
4339.0 -2753.7 2706.8
-1048.4 2585.7 4273.5
-2460.4 4345.6 3220.2
-2029.1 -5756.8 3998.1
2497.0 -6129.5 -4696.0
4494.3 3568.5 2106.2
933.9 1985.5 -5447.9
-169.3 -1078.7 3412.1
-2564.8 -5539.7 -4809.9
-11656.4 134.8 3452.5
3688.5 -8257.5 4108.5
18402.9 -3328.6 3116.5
-938.3 -937.1 -864.9
-399.6 1883.3 -10123.5
8525.9 -9111.8 -4937.0
-3601.5 8450.3 -6797.7
839.0 194.1 7638.2
-9258.3 -1308.9 1370.1
-2070.3 3772.0 -3882.0
4111.9 -4095.2 3525.9
-7723.0 2360.1 -1404.4
1761.8 4903.8 5305.1
-545.3 652.3 -7864.4
-7897.1 -1375.6 5296.1
-11575.0 5138.9 5496.6
-7103.6 -561.1 2721.3
2910.5 -4127.9 -477.7
-10532.6 -6184.2 1049.6
-2901.7 1247.8 2132.7
2983.3 -1464.2 384.5
-7500.0 5205.2 409.3
2335.9 1856.7 -1821.1
1.2 3720.2 -3718.5
-1500.5 165.6 8759.8
4568.7 -6187.8 10160.1
-1656.8 13894.9 5833.9
-8116.7 2351.2 -11070.0
4252.1 3814.4 1948.7
1799.4 -2146.6 281.5
-3005.1 56.9 -3945.0
4191.2 -3210.6 -8454.7
-3412.9 -554.9 4753.6
4034.4 -5261.6 -2318.2
-3784.3 -3554.6 6910.5
11795.0 9556.4 5327.3
6450.4 4778.7 -5202.9
5164.5 -1369.6 205.9
-9403.5 12368.1 4021.5
-9022.4 7329.2 -2314.9
991.5 -636.9 7182.9
4952.0 -6741.3 -1855.2
-1274.2 1208.3 -862.4
-433.1 -2805.0 7798.5
-7212.0 -1737.8 -3076.0
3728.4 5849.1 1222.2
2486.8 -7430.3 924.2
4916.6 1062.9 -3006.6
2508.5 8818.5 -7621.9
1551.8 -533.6 2904.1
-4766.9 12518.4 5393.4
-3792.4 1735.3 5592.9
-5742.7 861.7 6947.7
-1758.3 -246.7 8879.1
1759.8 -2273.5 -4695.5
-4320.4 3184.0 -6514.7
4558.1 -1334.5 6138.7
-1464.5 7417.2 4822.5
4307.2 -5796.9 3767.9
-1445.6 5473.2 -3172.2
1914.0 -111.6 -1260.6
-4383.9 -3211.6 4575.8
-6077.7 2866.6 340.6
-2188.9 -1771.4 -1035.5
-8258.6 3113.3 -7039.3
1850.1 1376.1 -7565.9
-5441.3 -9840.4 -4668.8
-7810.7 6845.6 1064.2
-4992.0 -639.6 3093.8
-1999.6 4347.1 -2828.8
-11686.0 -9106.3 -5671.1
-3242.8 3677.0 2336.7
2645.2 4972.8 -3676.4
1882.0 3238.1 -2719.6
-1914.2 4598.9 557.1
56.2 -2013.4 -738.0
7890.1 -2488.3 -3314.6
1112.6 -3051.2 8498.3
1812.0 -9365.1 2594.6
2423.8 -5176.1 -3941.0
